1995-07-01	0	24	3558	0.006745362563237774	12
1995-07-01	1	10	2989	0.0033456005352960855	7
1995-07-01	2	12	2268	0.005291005291005291	9
1995-07-01	3	15	1721	0.008715862870424172	4
1995-07-01	4	10	1474	0.0067842605156037995	8
1995-07-01	5	9	1340	0.006716417910447761	5
1995-07-01	6	4	1528	0.002617801047120419	3
1995-07-01	7	2	1553	0.00128783000643915	1
1995-07-01	8	6	1905	0.0031496062992125984	4
1995-07-01	9	3	2093	0.001433349259436216	2
1995-07-01	10	12	3045	0.003940886699507389	6
1995-07-01	11	23	3419	0.006727113190991518	13
1995-07-01	12	10	2762	0.003620564808110065	7
1995-07-01	13	13	3085	0.004213938411669368	10
1995-07-01	14	19	3131	0.006068348770360907	14
1995-07-01	15	17	3257	0.0052195271722443965	12
1995-07-01	16	14	3187	0.004392845936617509	9
1995-07-01	17	15	3658	0.004100601421541826	9
1995-07-01	18	15	3192	0.004699248120300752	11
1995-07-01	19	16	2822	0.005669737774627924	11
1995-07-01	20	10	2940	0.003401360544217687	8
1995-07-01	21	24	3485	0.006886657101865136	12
1995-07-01	22	18	3259	0.005523166615526235	12
1995-07-01	23	13	2852	0.00455820476858345	7
1995-07-02	0	20	2855	0.0070052539404553416	11
1995-07-02	1	15	2564	0.005850234009360375	9
1995-07-02	2	8	2054	0.0038948393378773127	4
1995-07-02	3	7	1505	0.004651162790697674	5
1995-07-02	4	2	1286	0.0015552099533437014	2
1995-07-02	5	3	1286	0.0023328149300155523	3
1995-07-02	6	10	1272	0.007861635220125786	4
1995-07-02	7	8	1226	0.0065252854812398045	6
1995-07-02	8	16	1430	0.011188811188811189	2
1995-07-02	9	14	1894	0.007391763463569166	8
1995-07-02	10	7	2111	0.0033159639981051635	5
1995-07-02	11	9	2447	0.0036779730281977932	7
1995-07-02	12	14	3106	0.004507405022537025	8
1995-07-02	13	12	2911	0.004122294744074201	6
1995-07-02	14	11	3047	0.0036101083032490976	6
1995-07-02	15	14	2731	0.005126327352618088	10
1995-07-02	16	32	3131	0.010220376876397317	14
1995-07-02	17	4	3534	0.0011318619128466328	4
1995-07-02	18	15	3174	0.004725897920604915	8
1995-07-02	19	9	2781	0.003236245954692557	8
1995-07-02	20	10	2958	0.0033806626098715348	5
1995-07-02	21	11	3379	0.0032554010062148565	8
1995-07-02	22	15	3715	0.004037685060565276	7
1995-07-02	23	28	3713	0.007541071909507137	10
1995-07-03	0	15	3001	0.004998333888703766	11
1995-07-03	1	8	2390	0.0033472803347280333	5
1995-07-03	2	12	2204	0.0054446460980036296	7
1995-07-03	3	6	2029	0.002957121734844751	6
1995-07-03	4	7	1537	0.004554326610279766	5
1995-07-03	5	7	1744	0.0040137614678899085	3
1995-07-03	6	6	1703	0.0035231943628890195	4
1995-07-03	7	17	2860	0.005944055944055944	9
1995-07-03	8	14	3669	0.0038157536113382394	11
1995-07-03	9	58	4779	0.01213643021552626	18
1995-07-03	10	72	4512	0.015957446808510637	16
1995-07-03	11	17	4779	0.003557229545930111	12
1995-07-03	12	21	5535	0.003794037940379404	17
1995-07-03	13	15	6013	0.002494595044071179	14
1995-07-03	14	36	5504	0.006540697674418605	18
1995-07-03	15	27	5601	0.0048205677557579	18
1995-07-03	16	29	5386	0.0053843297437801705	12
1995-07-03	17	37	4540	0.00814977973568282	17
1995-07-03	18	13	3444	0.003774680603948897	7
1995-07-03	19	20	3711	0.0053893829156561575	13
1995-07-03	20	17	3760	0.0045212765957446804	12
1995-07-03	21	19	3813	0.004982953055337005	9
1995-07-03	22	18	3185	0.00565149136577708	12
1995-07-03	23	37	3712	0.009967672413793104	15
1995-07-04	0	11	3133	0.0035110118097669966	7
1995-07-04	1	20	2821	0.007089684509039348	12
1995-07-04	2	10	2529	0.0039541320680110716	7
1995-07-04	3	9	1992	0.004518072289156626	4
1995-07-04	4	0	1743	0.0	0
1995-07-04	5	8	1730	0.004624277456647399	5
1995-07-04	6	5	1707	0.0029291154071470417	5
1995-07-04	7	3	2152	0.0013940520446096654	3
1995-07-04	8	13	3005	0.004326123128119801	12
1995-07-04	9	12	3055	0.003927986906710311	9
1995-07-04	10	17	3576	0.0047539149888143175	11
1995-07-04	11	28	3573	0.00783655191715645	9
1995-07-04	12	11	3401	0.003234342840341076	7
1995-07-04	13	18	3550	0.0050704225352112674	15
1995-07-04	14	19	3268	0.005813953488372093	11
1995-07-04	15	23	4160	0.005528846153846154	17
1995-07-04	16	30	3565	0.008415147265077139	14
1995-07-04	17	17	3692	0.004604550379198266	10
1995-07-04	18	41	2905	0.014113597246127367	9
1995-07-04	19	3	2953	0.001015916017609211	3
1995-07-04	20	10	2681	0.003729951510630362	6
1995-07-04	21	12	2670	0.0044943820224719105	6
1995-07-04	22	12	2941	0.004080244814688882	7
1995-07-04	23	27	3536	0.007635746606334841	13
1995-07-05	0	25	2501	0.009996001599360257	10
1995-07-05	1	34	2028	0.016765285996055226	10
1995-07-05	2	8	1932	0.004140786749482402	7
1995-07-05	3	8	1988	0.004024144869215292	3
1995-07-05	4	4	1479	0.002704530087897228	3
1995-07-05	5	4	1634	0.0024479804161566705	2
1995-07-05	6	5	1809	0.002763957987838585	5
1995-07-05	7	15	2988	0.0050200803212851405	4
1995-07-05	8	29	3822	0.007587650444793302	11
1995-07-05	9	19	4415	0.004303510758776897	12
1995-07-05	10	21	4971	0.004224502112251056	12
1995-07-05	11	12	6173	0.00194394945731411	12
1995-07-05	12	22	6162	0.0035702693930542034	14
1995-07-05	13	8	5108	0.0015661707126076742	8
1995-07-05	14	32	8027	0.003986545409243802	18
1995-07-05	15	38	6752	0.005627962085308057	15
1995-07-05	16	35	7180	0.004874651810584958	22
1995-07-05	17	17	4720	0.0036016949152542373	8
1995-07-05	18	31	4241	0.007309596793209149	16
1995-07-05	19	22	3979	0.005529027393817542	13
1995-07-05	20	21	3128	0.006713554987212276	9
1995-07-05	21	9	3132	0.0028735632183908046	5
1995-07-05	22	26	3204	0.008114856429463172	14
1995-07-05	23	49	3014	0.01625746516257465	11
1995-07-06	0	24	2648	0.00906344410876133	16
1995-07-06	1	38	1937	0.01961796592669076	6
1995-07-06	2	5	1801	0.00277623542476402	5
1995-07-06	3	2	1539	0.001299545159194282	2
1995-07-06	4	6	1429	0.004198740377886634	3
1995-07-06	5	7	1652	0.00423728813559322	5
1995-07-06	6	14	1830	0.007650273224043716	8
1995-07-06	7	6	2755	0.002177858439201452	6
1995-07-06	8	13	4189	0.0031033659584626403	9
1995-07-06	9	23	5005	0.004595404595404595	18
1995-07-06	10	49	5813	0.00842938241871667	26
1995-07-06	11	35	6393	0.005474737994681683	22
1995-07-06	12	56	6401	0.008748633026089674	22
1995-07-06	13	23	6923	0.0033222591362126247	18
1995-07-06	14	30	6897	0.004349717268377556	21
1995-07-06	15	34	7055	0.004819277108433735	18
1995-07-06	16	36	6673	0.0053948748688745695	16
1995-07-06	17	33	5473	0.006029599853827883	22
1995-07-06	18	30	4784	0.006270903010033445	19
1995-07-06	19	32	4220	0.007582938388625593	16
1995-07-06	20	27	4045	0.006674907292954265	20
1995-07-06	21	37	3463	0.010684377707190298	25
1995-07-06	22	43	3952	0.010880566801619434	31
1995-07-06	23	32	3896	0.008213552361396304	17
1995-07-07	0	13	2675	0.00485981308411215	11
1995-07-07	1	18	2635	0.00683111954459203	6
1995-07-07	2	15	2182	0.0068744271310724105	9
1995-07-07	3	12	1587	0.007561436672967864	5
1995-07-07	4	15	1361	0.011021307861866276	7
1995-07-07	5	6	959	0.006256517205422315	4
1995-07-07	6	8	1168	0.00684931506849315	6
1995-07-07	7	10	2319	0.004312203536006899	8
1995-07-07	8	32	4841	0.006610204503201818	20
1995-07-07	9	24	5403	0.004441976679622432	16
1995-07-07	10	30	5936	0.005053908355795148	20
1995-07-07	11	29	6506	0.004457423916384875	18
1995-07-07	12	24	6784	0.003537735849056604	17
1995-07-07	13	39	5950	0.006554621848739495	22
1995-07-07	14	24	4693	0.005113999573833369	19
1995-07-07	15	37	5741	0.0064448702316669566	15
1995-07-07	16	42	5444	0.007714915503306392	22
1995-07-07	17	31	4991	0.006211180124223602	17
1995-07-07	18	34	3332	0.01020408163265306	17
1995-07-07	19	27	2549	0.010592389172224402	13
1995-07-07	20	15	2679	0.005599104143337066	13
1995-07-07	21	24	2450	0.009795918367346938	14
1995-07-07	22	32	2460	0.013008130081300813	13
1995-07-07	23	24	2436	0.009852216748768473	14
1995-07-08	0	23	2341	0.009824861170439982	13
1995-07-08	1	12	1707	0.007029876977152899	8
1995-07-08	2	22	1279	0.017200938232994525	10
1995-07-08	3	4	873	0.004581901489117984	3
1995-07-08	4	2	647	0.0030911901081916537	2
1995-07-08	5	5	862	0.00580046403712297	5
1995-07-08	6	1	791	0.0012642225031605564	1
1995-07-08	7	2	894	0.0022371364653243847	2
1995-07-08	8	2	1010	0.0019801980198019802	2
1995-07-08	9	10	1276	0.007836990595611285	6
1995-07-08	10	11	1868	0.005888650963597431	5
1995-07-08	11	16	1556	0.010282776349614395	6
1995-07-08	12	19	1714	0.011085180863477246	9
1995-07-08	13	8	1914	0.0041797283176593526	7
1995-07-08	14	25	2385	0.010482180293501049	13
1995-07-08	15	16	1985	0.008060453400503778	9
1995-07-08	16	25	2343	0.010670081092616303	8
1995-07-08	17	19	2324	0.008175559380378658	9
1995-07-08	18	20	1787	0.01119194180190263	7
1995-07-08	19	12	1782	0.006734006734006734	5
1995-07-08	20	9	1662	0.005415162454873646	4
1995-07-08	21	17	1862	0.009129967776584319	8
1995-07-08	22	13	1890	0.0068783068783068784	9
1995-07-08	23	6	2010	0.0029850746268656717	5
1995-07-09	0	11	1583	0.006948831332912192	10
1995-07-09	1	9	1507	0.005972130059721301	5
1995-07-09	2	25	1232	0.020292207792207792	7
1995-07-09	3	7	1002	0.006986027944111776	6
1995-07-09	4	16	766	0.020887728459530026	10
1995-07-09	5	0	397	0.0	0
1995-07-09	6	7	441	0.015873015873015872	2
1995-07-09	7	3	484	0.006198347107438017	2
1995-07-09	8	0	708	0.0	0
1995-07-09	9	10	1064	0.009398496240601503	4
1995-07-09	10	18	1272	0.014150943396226415	6
1995-07-09	11	18	1933	0.009311950336264873	8
1995-07-09	12	11	1836	0.005991285403050109	7
1995-07-09	13	13	1632	0.007965686274509803	8
1995-07-09	14	13	2041	0.006369426751592357	6
1995-07-09	15	19	1755	0.010826210826210826	8
1995-07-09	16	18	2213	0.008133755083596927	11
1995-07-09	17	15	1836	0.008169934640522876	11
1995-07-09	18	13	1724	0.0075406032482598605	8
1995-07-09	19	26	1678	0.015494636471990465	16
1995-07-09	20	34	2308	0.014731369150779897	19
1995-07-09	21	26	2161	0.012031466913465988	9
1995-07-09	22	21	1848	0.011363636363636364	9
1995-07-09	23	8	1767	0.004527447651386531	7
1995-07-10	0	6	1835	0.0032697547683923707	3
1995-07-10	1	7	1520	0.004605263157894736	3
1995-07-10	2	8	1297	0.006168080185042405	7
1995-07-10	3	1	906	0.0011037527593818985	1
1995-07-10	4	1	785	0.0012738853503184713	1
1995-07-10	5	5	773	0.00646830530401035	4
1995-07-10	6	4	1221	0.003276003276003276	4
1995-07-10	7	5	1528	0.0032722513089005235	3
1995-07-10	8	16	2892	0.005532503457814661	8
1995-07-10	9	19	3797	0.005003950487226758	10
1995-07-10	10	11	4200	0.002619047619047619	8
1995-07-10	11	33	4911	0.006719609040928528	13
1995-07-10	12	28	5002	0.005597760895641743	15
1995-07-10	13	15	4460	0.0033632286995515697	11
1995-07-10	14	31	5072	0.00611198738170347	18
1995-07-10	15	41	5311	0.0077198267746187155	16
1995-07-10	16	22	5125	0.004292682926829269	12
1995-07-10	17	23	4529	0.005078383749172003	15
1995-07-10	18	19	3447	0.005512039454598201	10
1995-07-10	19	13	3213	0.0040460628695922814	8
1995-07-10	20	16	2806	0.005702066999287242	12
1995-07-10	21	22	2718	0.008094186902133923	17
1995-07-10	22	20	2814	0.007107320540156361	8
1995-07-10	23	25	2493	0.010028078620136383	11
1995-07-11	0	21	1968	0.010670731707317074	12
1995-07-11	1	36	1516	0.023746701846965697	8
1995-07-11	2	12	1232	0.00974025974025974	3
1995-07-11	3	8	1285	0.0062256809338521405	6
1995-07-11	4	9	1106	0.0081374321880651	6
1995-07-11	5	3	1112	0.002697841726618705	2
1995-07-11	6	8	1287	0.006216006216006216	6
1995-07-11	7	17	2569	0.006617360840794083	9
1995-07-11	8	29	3592	0.008073496659242762	14
1995-07-11	9	18	3570	0.005042016806722689	8
1995-07-11	10	15	4446	0.0033738191632928477	5
1995-07-11	11	19	4733	0.004014367208958377	14
1995-07-11	12	15	5503	0.002725785934944576	6
1995-07-11	13	21	5323	0.003945143715949653	11
1995-07-11	14	64	6059	0.01056279914177257	16
1995-07-11	15	38	5603	0.0067820810280207035	16
1995-07-11	16	15	5544	0.0027056277056277055	12
1995-07-11	17	30	4473	0.00670690811535882	16
1995-07-11	18	16	3908	0.0040941658137154556	10
1995-07-11	19	25	3604	0.0069367369589345175	13
1995-07-11	20	16	3266	0.004898958971218616	11
1995-07-11	21	11	2780	0.003956834532374101	8
1995-07-11	22	18	2855	0.006304728546409807	11
1995-07-11	23	5	2878	0.0017373175816539264	4
1995-07-12	0	6	2310	0.0025974025974025974	4
1995-07-12	1	9	1955	0.004603580562659846	7
1995-07-12	2	8	2033	0.003935071323167732	4
1995-07-12	3	1	1458	6.858710562414266E-4	1
1995-07-12	4	1	1478	6.765899864682003E-4	1
1995-07-12	5	4	1436	0.002785515320334262	3
1995-07-12	6	4	1829	0.002186987424822307	4
1995-07-12	7	12	2411	0.004977187888842804	7
1995-07-12	8	8	3902	0.0020502306509482316	6
1995-07-12	9	9	4757	0.0018919487071683834	8
1995-07-12	10	82	5237	0.015657819362230284	13
1995-07-12	11	28	6015	0.004655029093931837	18
1995-07-12	12	40	5962	0.006709158000670915	20
1995-07-12	13	29	6437	0.004505204287711667	20
1995-07-12	14	19	6284	0.00302355187778485	12
1995-07-12	15	30	5524	0.005430847212165098	20
1995-07-12	16	25	4947	0.00505356781888013	13
1995-07-12	17	29	4663	0.006219172206733862	13
1995-07-12	18	24	4340	0.005529953917050691	15
1995-07-12	19	18	3547	0.005074711023400056	11
1995-07-12	20	15	4124	0.0036372453928225023	8
1995-07-12	21	28	3698	0.0075716603569497025	12
1995-07-12	22	21	4007	0.005240828550037434	13
1995-07-12	23	12	3692	0.0032502708559046588	8
1995-07-13	0	20	3310	0.006042296072507553	12
1995-07-13	1	20	3300	0.006060606060606061	9
1995-07-13	2	4	2932	0.001364256480218281	3
1995-07-13	3	13	2483	0.005235602094240838	6
1995-07-13	4	5	2157	0.0023180343069077423	5
1995-07-13	5	15	2666	0.005626406601650412	7
1995-07-13	6	11	3648	0.0030153508771929823	7
1995-07-13	7	11	6014	0.0018290655138011307	8
1995-07-13	8	30	11530	0.0026019080659150044	19
1995-07-13	9	31	14907	0.0020795599382840277	19
1995-07-13	10	38	10209	0.003722205896757763	25
1995-07-13	11	75	9732	0.0077065351418002465	18
1995-07-13	12	19	8518	0.0022305705564686544	15
1995-07-13	13	20	7317	0.0027333606669400026	15
1995-07-13	14	38	7471	0.0050863338241199305	17
1995-07-13	15	41	7291	0.005623371279659855	17
1995-07-13	16	36	7145	0.005038488453463961	20
1995-07-13	17	10	3584	0.0027901785714285715	9
1995-07-13	18	13	4549	0.002857770938667839	6
1995-07-13	19	8	2269	0.0035257822829440283	5
1995-07-13	20	30	2364	0.012690355329949238	11
1995-07-13	21	6	3680	0.0016304347826086956	5
1995-07-13	22	20	3348	0.005973715651135006	8
1995-07-13	23	12	3417	0.003511852502194908	9
1995-07-14	0	12	3217	0.003730183400683867	7
1995-07-14	1	8	2139	0.0037400654511453952	6
1995-07-14	2	7	1989	0.003519356460532931	5
1995-07-14	3	5	1964	0.0025458248472505093	3
1995-07-14	4	5	1412	0.0035410764872521247	3
1995-07-14	5	10	1887	0.005299417064122946	7
1995-07-14	6	5	1657	0.0030175015087507543	4
1995-07-14	7	9	2991	0.003009027081243731	6
1995-07-14	8	13	3981	0.003265511178095956	8
1995-07-14	9	36	4856	0.007413509060955519	18
1995-07-14	10	21	5311	0.003954057616268123	15
1995-07-14	11	22	4736	0.0046452702702702705	14
1995-07-14	12	20	4829	0.0041416442327604054	14
1995-07-14	13	34	5621	0.006048745774773172	17
1995-07-14	14	27	5113	0.00528065714844514	14
1995-07-14	15	36	5300	0.006792452830188679	14
1995-07-14	16	12	5244	0.002288329519450801	10
1995-07-14	17	47	4126	0.011391177896267571	12
1995-07-14	18	13	3136	0.004145408163265306	9
1995-07-14	19	8	3331	0.0024016811768237767	6
1995-07-14	20	22	2823	0.0077931278781438185	12
1995-07-14	21	18	2706	0.0066518847006651885	10
1995-07-14	22	12	3018	0.003976143141153081	9
1995-07-14	23	8	2522	0.0031720856463124504	7
1995-07-15	0	25	1892	0.013213530655391121	11
1995-07-15	1	4	1944	0.00205761316872428	4
1995-07-15	2	12	1522	0.00788436268068331	5
1995-07-15	3	11	1299	0.008468052347959968	5
1995-07-15	4	1	1086	9.208103130755065E-4	1
1995-07-15	5	11	950	0.011578947368421053	3
1995-07-15	6	6	755	0.007947019867549669	4
1995-07-15	7	10	1042	0.009596928982725527	6
1995-07-15	8	1	1225	8.163265306122449E-4	1
1995-07-15	9	2	1554	0.001287001287001287	2
1995-07-15	10	17	2010	0.00845771144278607	5
1995-07-15	11	7	2077	0.003370245546461242	6
1995-07-15	12	11	2265	0.004856512141280353	7
1995-07-15	13	13	2283	0.0056942619360490585	6
1995-07-15	14	6	2587	0.0023192887514495554	4
1995-07-15	15	8	2605	0.003071017274472169	6
1995-07-15	16	10	2642	0.003785011355034065	4
1995-07-15	17	12	2510	0.004780876494023904	9
1995-07-15	18	13	2119	0.006134969325153374	7
1995-07-15	19	19	2301	0.008257279443720122	8
1995-07-15	20	8	2090	0.003827751196172249	4
1995-07-15	21	19	2021	0.009401286491835725	7
1995-07-15	22	16	2294	0.006974716652136007	11
1995-07-15	23	10	2334	0.004284490145672665	7
1995-07-16	0	3	2061	0.001455604075691412	2
1995-07-16	1	5	2076	0.0024084778420038534	4
1995-07-16	2	2	1285	0.0015564202334630351	2
1995-07-16	3	7	843	0.00830367734282325	4
1995-07-16	4	1	758	0.0013192612137203166	1
1995-07-16	5	1	559	0.0017889087656529517	1
1995-07-16	6	5	876	0.005707762557077625	5
1995-07-16	7	5	739	0.006765899864682003	4
1995-07-16	8	6	1009	0.005946481665014866	4
1995-07-16	9	6	1396	0.004297994269340974	4
1995-07-16	10	7	1645	0.00425531914893617	6
1995-07-16	11	13	1963	0.006622516556291391	5
1995-07-16	12	11	2275	0.004835164835164835	4
1995-07-16	13	24	2638	0.009097801364670205	13
1995-07-16	14	4	3001	0.0013328890369876708	4
1995-07-16	15	27	2643	0.01021566401816118	12
1995-07-16	16	4	2480	0.0016129032258064516	3
1995-07-16	17	11	2879	0.0038207711010767626	6
1995-07-16	18	10	2639	0.0037893141341417205	9
1995-07-16	19	18	2991	0.006018054162487462	10
1995-07-16	20	24	2728	0.008797653958944282	10
1995-07-16	21	15	2790	0.005376344086021506	12
1995-07-16	22	18	2994	0.006012024048096192	12
1995-07-16	23	29	2473	0.011726647796198949	16
1995-07-17	0	11	2051	0.005363237445148708	9
1995-07-17	1	10	1666	0.006002400960384154	6
1995-07-17	2	4	1065	0.003755868544600939	2
1995-07-17	3	8	1089	0.0073461891643709825	5
1995-07-17	4	2	1244	0.001607717041800643	2
1995-07-17	5	6	970	0.006185567010309278	5
1995-07-17	6	1	957	0.0010449320794148381	1
1995-07-17	7	6	1839	0.0032626427406199023	3
1995-07-17	8	14	2677	0.005229734777736272	9
1995-07-17	9	11	3956	0.002780586450960566	8
1995-07-17	10	37	4507	0.008209451963612158	17
1995-07-17	11	20	4764	0.0041981528127623844	15
1995-07-17	12	47	4822	0.009746992948983823	21
1995-07-17	13	34	4982	0.006824568446407065	19
1995-07-17	14	24	6409	0.0037447339678577003	18
1995-07-17	15	24	5288	0.0045385779122541605	14
1995-07-17	16	20	5423	0.0036879955744053105	12
1995-07-17	17	25	3975	0.006289308176100629	15
1995-07-17	18	19	3377	0.005626295528575659	12
1995-07-17	19	12	2737	0.004384362440628425	9
1995-07-17	20	8	2550	0.003137254901960784	6
1995-07-17	21	20	3166	0.006317119393556538	9
1995-07-17	22	27	2895	0.00932642487046632	17
1995-07-17	23	15	2409	0.0062266500622665	11
1995-07-18	0	25	2285	0.010940919037199124	13
1995-07-18	1	5	1783	0.0028042624789680315	3
1995-07-18	2	6	1670	0.003592814371257485	2
1995-07-18	3	7	789	0.008871989860583017	5
1995-07-18	4	0	316	0.0	0
1995-07-18	5	0	407	0.0	0
1995-07-18	6	0	371	0.0	0
1995-07-18	7	5	943	0.005302226935312832	2
1995-07-18	8	9	2278	0.003950834064969272	6
1995-07-18	9	28	3401	0.008232872684504558	11
1995-07-18	10	28	3234	0.008658008658008658	11
1995-07-18	11	21	3687	0.005695687550854353	8
1995-07-18	12	29	4720	0.00614406779661017	15
1995-07-18	13	20	5084	0.003933910306845004	16
1995-07-18	14	60	4608	0.013020833333333334	20
1995-07-18	15	106	5411	0.019589724635002772	21
1995-07-18	16	48	5451	0.008805723720418272	19
1995-07-18	17	10	2704	0.0036982248520710057	8
1995-07-18	18	7	2531	0.002765705254839984	5
1995-07-18	19	22	3249	0.006771314250538628	10
1995-07-18	20	11	2349	0.004682843763303533	10
1995-07-18	21	4	2433	0.0016440608302507192	3
1995-07-18	22	15	1963	0.007641365257259297	9
1995-07-18	23	16	2383	0.006714225765841376	9
1995-07-19	0	9	1784	0.005044843049327354	5
1995-07-19	1	4	1625	0.0024615384615384616	3
1995-07-19	2	4	1470	0.0027210884353741495	3
1995-07-19	3	3	1361	0.002204261572373255	3
1995-07-19	4	9	1484	0.006064690026954178	5
1995-07-19	5	0	1093	0.0	0
1995-07-19	6	2	1450	0.001379310344827586	1
1995-07-19	7	31	2257	0.013735046521931768	8
1995-07-19	8	24	3045	0.007881773399014778	8
1995-07-19	9	15	3665	0.004092769440654843	5
1995-07-19	10	45	4486	0.010031208203299153	8
1995-07-19	11	68	4888	0.013911620294599018	14
1995-07-19	12	77	5163	0.014913809800503584	11
1995-07-19	13	68	4628	0.014693171996542784	13
1995-07-19	14	70	4929	0.014201663623453034	15
1995-07-19	15	62	5294	0.011711371363808084	16
1995-07-19	16	25	4501	0.00555432126194179	14
1995-07-19	17	36	4226	0.008518693800283956	15
1995-07-19	18	16	3057	0.005233889434085705	7
1995-07-19	19	10	2787	0.003588087549336204	9
1995-07-19	20	11	2885	0.0038128249566724438	8
1995-07-19	21	18	2451	0.0073439412484700125	13
1995-07-19	22	24	1874	0.012806830309498399	11
1995-07-19	23	7	2150	0.0032558139534883722	7
1995-07-20	0	12	1969	0.006094464195022855	7
1995-07-20	1	6	1642	0.0036540803897685747	3
1995-07-20	2	19	1669	0.011384062312762133	8
1995-07-20	3	9	1098	0.00819672131147541	4
1995-07-20	4	2	918	0.002178649237472767	2
1995-07-20	5	7	989	0.007077856420626896	6
1995-07-20	6	2	953	0.002098635886673662	2
1995-07-20	7	10	2112	0.004734848484848485	4
1995-07-20	8	9	3106	0.0028976175144880875	5
1995-07-20	9	21	3507	0.005988023952095809	11
1995-07-20	10	17	4219	0.004029390850912538	12
1995-07-20	11	22	4406	0.004993191103041307	10
1995-07-20	12	48	5170	0.009284332688588007	20
1995-07-20	13	16	4309	0.0037131585054537017	6
1995-07-20	14	21	4543	0.004622496147919877	13
1995-07-20	15	35	4839	0.007232899359371771	19
1995-07-20	16	48	4603	0.010427981751031936	13
1995-07-20	17	47	3907	0.012029690299462503	14
1995-07-20	18	16	2083	0.007681228996639462	6
1995-07-20	19	15	1866	0.008038585209003215	10
1995-07-20	20	7	2028	0.0034516765285996054	7
1995-07-20	21	6	2103	0.0028530670470756064	6
1995-07-20	22	16	2288	0.006993006993006993	9
1995-07-20	23	16	2140	0.007476635514018692	7
1995-07-21	0	23	1649	0.013947847180109158	10
1995-07-21	1	4	1200	0.0033333333333333335	3
1995-07-21	2	13	1407	0.00923951670220327	9
1995-07-21	3	17	1051	0.016175071360608945	4
1995-07-21	4	5	889	0.00562429696287964	2
1995-07-21	5	5	1140	0.0043859649122807015	3
1995-07-21	6	5	1173	0.004262574595055414	5
1995-07-21	7	9	2485	0.0036217303822937627	3
1995-07-21	8	9	3667	0.0024543223343332426	7
1995-07-21	9	24	4080	0.0058823529411764705	12
1995-07-21	10	14	3992	0.0035070140280561123	12
1995-07-21	11	25	4282	0.005838393274170948	12
1995-07-21	12	14	4265	0.0032825322391559202	11
1995-07-21	13	17	5729	0.002967359050445104	10
1995-07-21	14	40	4681	0.008545182653279214	16
1995-07-21	15	11	4105	0.002679658952496955	10
1995-07-21	16	17	3986	0.004264927245358756	13
1995-07-21	17	24	3436	0.006984866123399301	11
1995-07-21	18	14	1780	0.007865168539325843	9
1995-07-21	19	7	1735	0.004034582132564841	5
1995-07-21	20	7	1647	0.004250151791135397	3
1995-07-21	21	6	2349	0.002554278416347382	5
1995-07-21	22	12	1787	0.006715165081141578	6
1995-07-21	23	10	1952	0.005122950819672131	7
1995-07-22	0	15	1590	0.009433962264150943	7
1995-07-22	1	7	1758	0.003981797497155859	4
1995-07-22	2	4	1119	0.0035746201966041107	1
1995-07-22	3	5	982	0.0050916496945010185	4
1995-07-22	4	3	941	0.003188097768331562	2
1995-07-22	5	8	758	0.010554089709762533	1
1995-07-22	6	2	674	0.002967359050445104	2
1995-07-22	7	5	896	0.005580357142857143	3
1995-07-22	8	3	1468	0.0020435967302452314	2
1995-07-22	9	7	1120	0.00625	6
1995-07-22	10	6	1358	0.004418262150220913	5
1995-07-22	11	14	1500	0.009333333333333334	7
1995-07-22	12	6	1956	0.003067484662576687	5
1995-07-22	13	4	1821	0.002196595277320154	3
1995-07-22	14	8	2054	0.0038948393378773127	6
1995-07-22	15	9	2184	0.004120879120879121	5
1995-07-22	16	24	2302	0.010425716768027803	10
1995-07-22	17	18	1745	0.010315186246418338	8
1995-07-22	18	9	1644	0.005474452554744526	5
1995-07-22	19	3	1040	0.0028846153846153848	2
1995-07-22	20	5	1402	0.003566333808844508	4
1995-07-22	21	4	1281	0.00312256049960968	3
1995-07-22	22	3	1466	0.0020463847203274215	3
1995-07-22	23	10	2110	0.004739336492890996	7
1995-07-23	0	11	1811	0.006073992269464384	8
1995-07-23	1	6	1555	0.0038585209003215433	5
1995-07-23	2	6	1322	0.0045385779122541605	3
1995-07-23	3	27	915	0.029508196721311476	6
1995-07-23	4	12	900	0.013333333333333334	2
1995-07-23	5	3	815	0.0036809815950920245	2
1995-07-23	6	1	671	0.0014903129657228018	1
1995-07-23	7	4	472	0.00847457627118644	2
1995-07-23	8	7	1338	0.00523168908819133	7
1995-07-23	9	4	1295	0.003088803088803089	3
1995-07-23	10	14	1299	0.01077752117013087	4
1995-07-23	11	11	1598	0.00688360450563204	10
1995-07-23	12	4	1566	0.002554278416347382	4
1995-07-23	13	6	1817	0.003302146395156852	4
1995-07-23	14	7	1963	0.003565970453387672	4
1995-07-23	15	9	2144	0.004197761194029851	7
1995-07-23	16	5	2157	0.0023180343069077423	5
1995-07-23	17	4	2168	0.0018450184501845018	3
1995-07-23	18	12	1831	0.006553795740032769	5
1995-07-23	19	9	1922	0.004682622268470343	5
1995-07-23	20	10	2417	0.004137360364087712	5
1995-07-23	21	30	2574	0.011655011655011656	6
1995-07-23	22	16	2405	0.006652806652806653	11
1995-07-23	23	12	2132	0.005628517823639775	11
1995-07-24	0	27	1787	0.01510912143256855	7
1995-07-24	1	1	1211	8.257638315441783E-4	1
1995-07-24	2	5	1209	0.0041356492969396195	4
1995-07-24	3	29	946	0.0306553911205074	2
1995-07-24	4	15	802	0.018703241895261846	6
1995-07-24	5	7	1050	0.006666666666666667	3
1995-07-24	6	6	1174	0.005110732538330494	3
1995-07-24	7	5	1734	0.0028835063437139563	5
1995-07-24	8	13	2614	0.004973221117061974	9
1995-07-24	9	15	3586	0.004182933630786392	9
1995-07-24	10	13	3322	0.0039133052378085495	11
1995-07-24	11	21	4002	0.005247376311844078	16
1995-07-24	12	17	5053	0.0033643380170195925	13
1995-07-24	13	8	4912	0.0016286644951140066	8
1995-07-24	14	20	4893	0.004087471898630697	12
1995-07-24	15	22	5245	0.004194470924690181	15
1995-07-24	16	9	4887	0.001841620626151013	5
1995-07-24	17	17	3687	0.004610794684024953	10
1995-07-24	18	13	2326	0.005588993981083405	4
1995-07-24	19	13	2238	0.00580875781948168	8
1995-07-24	20	8	1566	0.005108556832694764	6
1995-07-24	21	17	2132	0.00797373358348968	9
1995-07-24	22	7	1944	0.00360082304526749	5
1995-07-24	23	22	1779	0.012366498032602586	7
1995-07-25	0	5	1399	0.0035739814152966403	5
1995-07-25	1	3	1343	0.0022338049143708115	3
1995-07-25	2	5	1076	0.004646840148698885	4
1995-07-25	3	5	1118	0.004472271914132379	3
1995-07-25	4	2	1057	0.001892147587511826	2
1995-07-25	5	2	912	0.0021929824561403508	2
1995-07-25	6	4	826	0.004842615012106538	4
1995-07-25	7	6	1558	0.0038510911424903724	4
1995-07-25	8	9	2477	0.0036334275333064193	6
1995-07-25	9	8	3337	0.00239736290080911	6
1995-07-25	10	18	3710	0.004851752021563342	11
1995-07-25	11	67	4255	0.01574618096357227	16
1995-07-25	12	34	5070	0.0067061143984220905	19
1995-07-25	13	21	5125	0.004097560975609756	13
1995-07-25	14	54	4112	0.013132295719844358	21
1995-07-25	15	75	4491	0.016700066800267203	15
1995-07-25	16	30	4746	0.006321112515802781	18
1995-07-25	17	28	3396	0.008244994110718492	15
1995-07-25	18	10	2197	0.004551661356395084	4
1995-07-25	19	10	2061	0.0048520135856380394	6
1995-07-25	20	17	2275	0.0074725274725274725	9
1995-07-25	21	19	2053	0.009254749147588894	8
1995-07-25	22	21	2195	0.009567198177676537	6
1995-07-25	23	12	1661	0.007224563515954244	9
1995-07-26	0	5	1181	0.004233700254022015	5
1995-07-26	1	10	1352	0.0073964497041420114	6
1995-07-26	2	8	1294	0.0061823802163833074	4
1995-07-26	3	1	1063	9.407337723424271E-4	1
1995-07-26	4	15	1045	0.014354066985645933	3
1995-07-26	5	3	706	0.00424929178470255	1
1995-07-26	6	4	988	0.004048582995951417	3
1995-07-26	7	5	1626	0.003075030750307503	3
1995-07-26	8	17	3058	0.005559189012426423	10
1995-07-26	9	6	2275	0.0026373626373626374	5
1995-07-26	10	8	2143	0.003733084461035931	6
1995-07-26	11	29	3456	0.008391203703703705	10
1995-07-26	12	17	4325	0.003930635838150289	12
1995-07-26	13	16	4659	0.0034342133505044	8
1995-07-26	14	27	4507	0.0059906811626359	8
1995-07-26	15	14	4250	0.0032941176470588237	10
1995-07-26	16	17	3475	0.004892086330935252	8
1995-07-26	17	28	3201	0.008747266479225243	13
1995-07-26	18	41	3007	0.013634852011972065	9
1995-07-26	19	20	2278	0.00877963125548727	7
1995-07-26	20	10	2083	0.004800768122899664	8
1995-07-26	21	7	2212	0.0031645569620253164	5
1995-07-26	22	10	2244	0.004456327985739751	9
1995-07-26	23	5	2225	0.0022471910112359553	4
1995-07-27	0	18	2160	0.008333333333333333	12
1995-07-27	1	6	1538	0.0039011703511053317	5
1995-07-27	2	14	1164	0.012027491408934709	4
1995-07-27	3	5	1203	0.004156275976724855	5
1995-07-27	4	11	1199	0.009174311926605505	8
1995-07-27	5	6	1065	0.005633802816901409	4
1995-07-27	6	3	1290	0.002325581395348837	3
1995-07-27	7	15	1841	0.008147745790331342	6
1995-07-27	8	6	2624	0.0022865853658536584	4
1995-07-27	9	35	2984	0.011729222520107238	13
1995-07-27	10	6	3358	0.001786777843954735	6
1995-07-27	11	35	4097	0.008542836221625579	11
1995-07-27	12	13	4227	0.003075467234445233	9
1995-07-27	13	14	4481	0.003124302611024325	9
1995-07-27	14	22	4843	0.0045426388602106136	13
1995-07-27	15	24	4368	0.005494505494505495	13
1995-07-27	16	12	3876	0.0030959752321981426	10
1995-07-27	17	26	3402	0.007642563198118754	9
1995-07-27	18	17	2542	0.006687647521636507	3
1995-07-27	19	14	1950	0.0071794871794871795	8
1995-07-27	20	2	2064	9.689922480620155E-4	2
1995-07-27	21	14	2108	0.006641366223908918	8
1995-07-27	22	10	1718	0.005820721769499418	6
1995-07-27	23	11	1456	0.007554945054945055	4
1995-07-28	0	7	1528	0.004581151832460733	4
1995-07-28	1	4	1085	0.003686635944700461	3
1995-07-28	2	11	978	0.011247443762781187	6
1995-07-28	3	6	1199	0.0050041701417848205	3
1995-07-28	4	5	876	0.005707762557077625	3
1995-07-28	5	2	910	0.002197802197802198	2
1995-07-28	6	0	1086	0.0	0
1995-07-28	7	4	1616	0.0024752475247524753	4
1995-07-28	8	10	2538	0.003940110323089046	7
1995-07-28	9	12	2741	0.004377964246625319	8
1995-07-28	10	9	3552	0.002533783783783784	8
1995-07-28	11	13	3568	0.0036434977578475337	9
1995-07-28	12	8	3502	0.002284408909194746	4
1995-07-28	13	2	1904	0.0010504201680672268	1
