1995-07-01	0	24	3565	0.006732117812061711	12
1995-07-01	1	10	3004	0.003328894806924101	7
1995-07-01	2	12	2268	0.005291005291005291	9
1995-07-01	3	16	1734	0.00922722029988466	5
1995-07-01	4	10	1482	0.006747638326585695	8
1995-07-01	5	9	1343	0.006701414743112435	5
1995-07-01	6	4	1528	0.002617801047120419	3
1995-07-01	7	2	1557	0.0012845215157353885	1
1995-07-01	8	6	1927	0.0031136481577581734	4
1995-07-01	9	3	2096	0.0014312977099236641	2
1995-07-01	10	13	3046	0.004267892317793828	7
1995-07-01	11	23	3428	0.006709451575262544	13
1995-07-01	12	10	2769	0.0036114120621162874	7
1995-07-01	13	13	3086	0.004212572909915748	10
1995-07-01	14	19	3133	0.006064474944142994	14
1995-07-01	15	17	3272	0.00519559902200489	12
1995-07-01	16	14	3191	0.004387339392040113	9
1995-07-01	17	15	3671	0.004086080087169709	9
1995-07-01	18	15	3192	0.004699248120300752	11
1995-07-01	19	16	2831	0.00565171317555634	11
1995-07-01	20	10	2958	0.0033806626098715348	8
1995-07-01	21	24	3502	0.006853226727584237	12
1995-07-01	22	18	3278	0.005491153142159854	12
1995-07-01	23	13	2853	0.004556607080266386	7
1995-07-02	0	20	2858	0.006997900629811057	11
1995-07-02	1	15	2570	0.005836575875486381	9
1995-07-02	2	8	2056	0.0038910505836575876	4
1995-07-02	3	7	1505	0.004651162790697674	5
1995-07-02	4	2	1286	0.0015552099533437014	2
1995-07-02	5	3	1291	0.0023237800154918666	3
1995-07-02	6	10	1293	0.007733952049497293	4
1995-07-02	7	8	1229	0.006509357200976403	6
1995-07-02	8	16	1432	0.0111731843575419	2
1995-07-02	9	14	1895	0.007387862796833773	8
1995-07-02	10	7	2124	0.003295668549905838	5
1995-07-02	11	9	2450	0.003673469387755102	7
1995-07-02	12	14	3106	0.004507405022537025	8
1995-07-02	13	12	2915	0.00411663807890223	6
1995-07-02	14	11	3063	0.0035912504080966375	6
1995-07-02	15	14	2738	0.005113221329437546	10
1995-07-02	16	32	3155	0.010142630744849446	14
1995-07-02	17	4	3537	0.0011309018942606728	4
1995-07-02	18	15	3186	0.004708097928436911	8
1995-07-02	19	9	2790	0.0032258064516129032	8
1995-07-02	20	10	2961	0.003377237419790611	5
1995-07-02	21	11	3381	0.003253475303164744	8
1995-07-02	22	17	3730	0.004557640750670241	8
1995-07-02	23	28	3714	0.007539041464728056	10
1995-07-03	0	15	3016	0.004973474801061008	11
1995-07-03	1	8	2395	0.003340292275574113	5
1995-07-03	2	8	2201	0.003634711494775102	6
1995-07-03	3	6	2041	0.002939735423811857	6
1995-07-03	4	7	1539	0.004548408057179987	5
1995-07-03	5	7	1750	0.004	3
1995-07-03	6	6	1703	0.0035231943628890195	4
1995-07-03	7	17	2862	0.005939902166317261	9
1995-07-03	8	14	3672	0.003812636165577342	11
1995-07-03	9	58	4810	0.012058212058212059	18
1995-07-03	10	72	4529	0.015897549127842792	16
1995-07-03	11	17	4791	0.003548319766228345	12
1995-07-03	12	21	5535	0.003794037940379404	17
1995-07-03	13	15	6020	0.0024916943521594683	14
1995-07-03	14	36	5515	0.006527651858567543	18
1995-07-03	15	27	5610	0.004812834224598931	18
1995-07-03	16	29	5388	0.005382331106161841	12
1995-07-03	17	38	4545	0.008360836083608362	18
1995-07-03	18	13	3444	0.003774680603948897	7
1995-07-03	19	20	3712	0.005387931034482759	13
1995-07-03	20	17	3760	0.0045212765957446804	12
1995-07-03	21	19	3832	0.004958246346555324	9
1995-07-03	22	18	3197	0.005630278385986863	12
1995-07-03	23	37	3713	0.009964987880420145	15
1995-07-04	0	13	3143	0.004136175628380528	8
1995-07-04	1	20	2821	0.007089684509039348	12
1995-07-04	2	10	2530	0.003952569169960474	7
1995-07-04	3	9	1993	0.004515805318615153	4
1995-07-04	4	0	1743	0.0	0
1995-07-04	5	8	1733	0.004616272360069244	5
1995-07-04	6	5	1709	0.002925687536571094	5
1995-07-04	7	3	2172	0.0013812154696132596	3
1995-07-04	8	13	3006	0.004324683965402528	12
1995-07-04	9	12	3059	0.003922850604772802	9
1995-07-04	10	17	3583	0.004744627407200669	11
1995-07-04	11	29	3584	0.008091517857142858	10
1995-07-04	12	11	3402	0.003233392122281011	7
1995-07-04	13	18	3550	0.0050704225352112674	15
1995-07-04	14	19	3278	0.005796217205613179	11
1995-07-04	15	23	4174	0.005510301868711069	17
1995-07-04	16	30	3579	0.008382229673093043	14
1995-07-04	17	17	3693	0.004603303547251557	10
1995-07-04	18	41	2912	0.01407967032967033	9
1995-07-04	19	3	2955	0.0010152284263959391	3
1995-07-04	20	10	2683	0.003727171077152441	6
1995-07-04	21	13	2671	0.004867090977162112	7
1995-07-04	22	12	2941	0.004080244814688882	7
1995-07-04	23	27	3538	0.007631430186546071	13
1995-07-05	0	25	2505	0.00998003992015968	10
1995-07-05	1	34	2032	0.01673228346456693	10
1995-07-05	2	8	1933	0.004138644593895499	7
1995-07-05	3	8	1998	0.004004004004004004	3
1995-07-05	4	4	1479	0.002704530087897228	3
1995-07-05	5	4	1634	0.0024479804161566705	2
1995-07-05	6	5	1821	0.0027457440966501922	5
1995-07-05	7	15	2996	0.005006675567423231	4
1995-07-05	8	29	3824	0.007583682008368201	11
1995-07-05	9	20	4456	0.004488330341113106	13
1995-07-05	10	21	4974	0.004221954161640531	12
1995-07-05	11	13	6175	0.002105263157894737	13
1995-07-05	12	23	6165	0.00373073803730738	15
1995-07-05	13	8	5115	0.0015640273704789834	8
1995-07-05	14	32	8034	0.003983071944236993	18
1995-07-05	15	39	6757	0.005771792215480243	16
1995-07-05	16	35	7211	0.004853695742615449	22
1995-07-05	17	17	4726	0.0035971223021582736	8
1995-07-05	18	33	4243	0.007777515908555267	17
1995-07-05	19	22	3988	0.005516549648946841	13
1995-07-05	20	21	3134	0.006700701978302489	9
1995-07-05	21	9	3137	0.0028689831048772712	5
1995-07-05	22	26	3206	0.008109794135995009	14
1995-07-05	23	49	3032	0.016160949868073878	11
1995-07-06	0	24	2658	0.009029345372460496	16
1995-07-06	1	38	1948	0.019507186858316223	6
1995-07-06	2	5	1805	0.002770083102493075	5
1995-07-06	3	2	1539	0.001299545159194282	2
1995-07-06	4	6	1429	0.004198740377886634	3
1995-07-06	5	7	1652	0.00423728813559322	5
1995-07-06	6	14	1830	0.007650273224043716	8
1995-07-06	7	6	2755	0.002177858439201452	6
1995-07-06	8	16	4200	0.0038095238095238095	11
1995-07-06	9	23	5011	0.004589902215126721	18
1995-07-06	10	49	5815	0.008426483233018056	26
1995-07-06	11	36	6422	0.005605730302086578	23
1995-07-06	12	56	6405	0.008743169398907104	22
1995-07-06	13	23	6926	0.003320820098180768	18
1995-07-06	14	31	6924	0.004477180820335066	21
1995-07-06	15	37	7061	0.005240050984279847	20
1995-07-06	16	36	6678	0.005390835579514825	16
1995-07-06	17	33	5479	0.006022996897244022	22
1995-07-06	18	31	4787	0.006475872153749739	19
1995-07-06	19	32	4227	0.007570380884788266	16
1995-07-06	20	27	4060	0.006650246305418719	20
1995-07-06	21	38	3480	0.010919540229885057	26
1995-07-06	22	43	3961	0.010855844483716234	31
1995-07-06	23	32	3908	0.008188331627430911	17
1995-07-07	0	13	2691	0.004830917874396135	11
1995-07-07	1	18	2639	0.006820765441455097	6
1995-07-07	2	15	2189	0.006852444038373686	9
1995-07-07	3	12	1590	0.007547169811320755	5
1995-07-07	4	15	1361	0.011021307861866276	7
1995-07-07	5	6	959	0.006256517205422315	4
1995-07-07	6	8	1168	0.00684931506849315	6
1995-07-07	7	10	2320	0.004310344827586207	8
1995-07-07	8	33	4843	0.00681395829031592	20
1995-07-07	9	25	5406	0.004624491305956345	17
1995-07-07	10	33	5944	0.005551816958277255	21
1995-07-07	11	29	6535	0.004437643458301454	18
1995-07-07	12	24	6784	0.003537735849056604	17
1995-07-07	13	39	5962	0.006541429050654143	22
1995-07-07	14	24	4714	0.005091217649554518	19
1995-07-07	15	37	5752	0.006432545201668985	15
1995-07-07	16	42	5449	0.007707836300238576	22
1995-07-07	17	32	4999	0.00640128025605121	18
1995-07-07	18	34	3333	0.0102010201020102	17
1995-07-07	19	27	2554	0.010571652310101801	13
1995-07-07	20	15	2680	0.005597014925373134	13
1995-07-07	21	24	2450	0.009795918367346938	14
1995-07-07	22	32	2463	0.012992285830288266	13
1995-07-07	23	24	2447	0.009807928075194115	14
1995-07-08	0	23	2386	0.009639564124056999	13
1995-07-08	1	12	1707	0.007029876977152899	8
1995-07-08	2	22	1279	0.017200938232994525	10
1995-07-08	3	4	877	0.004561003420752566	3
1995-07-08	4	2	648	0.0030864197530864196	2
1995-07-08	5	6	866	0.006928406466512702	5
1995-07-08	6	1	794	0.0012594458438287153	1
1995-07-08	7	2	895	0.0022346368715083797	2
1995-07-08	8	2	1010	0.0019801980198019802	2
1995-07-08	9	10	1276	0.007836990595611285	6
1995-07-08	10	11	1869	0.005885500267522739	5
1995-07-08	11	16	1558	0.010269576379974325	6
1995-07-08	12	19	1714	0.011085180863477246	9
1995-07-08	13	8	1914	0.0041797283176593526	7
1995-07-08	14	25	2387	0.010473397570171765	13
1995-07-08	15	16	1985	0.008060453400503778	9
1995-07-08	16	25	2346	0.010656436487638534	8
1995-07-08	17	19	2326	0.00816852966466036	9
1995-07-08	18	20	1789	0.011179429849077696	7
1995-07-08	19	12	1783	0.006730229949523275	5
1995-07-08	20	9	1669	0.005392450569203115	4
1995-07-08	21	17	1875	0.009066666666666667	8
1995-07-08	22	13	1901	0.006838506049447659	9
1995-07-08	23	8	2013	0.003974167908594138	6
1995-07-09	0	11	1597	0.0068879148403256105	10
1995-07-09	1	9	1515	0.005940594059405941	5
1995-07-09	2	25	1234	0.02025931928687196	7
1995-07-09	3	7	1007	0.006951340615690168	6
1995-07-09	4	16	770	0.02077922077922078	10
1995-07-09	5	0	397	0.0	0
1995-07-09	6	7	442	0.01583710407239819	2
1995-07-09	7	3	484	0.006198347107438017	2
1995-07-09	8	0	708	0.0	0
1995-07-09	9	10	1068	0.009363295880149813	4
1995-07-09	10	18	1272	0.014150943396226415	6
1995-07-09	11	19	1936	0.00981404958677686	8
1995-07-09	12	11	1838	0.005984766050054407	7
1995-07-09	13	13	1636	0.007946210268948655	8
1995-07-09	14	13	2042	0.006366307541625857	6
1995-07-09	15	19	1759	0.010801591813530414	8
1995-07-09	16	18	2225	0.008089887640449439	11
1995-07-09	17	15	1838	0.008161044613710556	11
1995-07-09	18	19	1730	0.010982658959537572	9
1995-07-09	19	26	1682	0.015457788347205707	16
1995-07-09	20	34	2309	0.014724989172802079	19
1995-07-09	21	26	2161	0.012031466913465988	9
1995-07-09	22	21	1854	0.011326860841423949	9
1995-07-09	23	8	1768	0.004524886877828055	7
1995-07-10	0	6	1841	0.0032590983161325366	3
1995-07-10	1	7	1522	0.0045992115637319315	3
1995-07-10	2	8	1298	0.0061633281972265025	7
1995-07-10	3	1	906	0.0011037527593818985	1
1995-07-10	4	1	785	0.0012738853503184713	1
1995-07-10	5	5	773	0.00646830530401035	4
1995-07-10	6	4	1223	0.003270645952575634	4
1995-07-10	7	5	1533	0.0032615786040443573	3
1995-07-10	8	16	2908	0.005502063273727648	8
1995-07-10	9	19	3802	0.004997369805365597	10
1995-07-10	10	11	4221	0.002606017531390666	8
1995-07-10	11	35	4914	0.007122507122507123	13
1995-07-10	12	28	5033	0.005563282336578581	15
1995-07-10	13	16	4466	0.0035826242722794446	11
1995-07-10	14	31	5102	0.006076048608388867	18
1995-07-10	15	41	5314	0.0077154685735792245	16
1995-07-10	16	23	5137	0.004477321393809616	13
1995-07-10	17	23	4541	0.005064963664391103	15
1995-07-10	18	19	3464	0.005484988452655889	10
1995-07-10	19	15	3226	0.0046497210167389955	9
1995-07-10	20	16	2806	0.005702066999287242	12
1995-07-10	21	22	2728	0.008064516129032258	17
1995-07-10	22	20	2820	0.0070921985815602835	8
1995-07-10	23	27	2496	0.010817307692307692	11
1995-07-11	0	21	1968	0.010670731707317074	12
1995-07-11	1	36	1536	0.0234375	8
1995-07-11	2	12	1235	0.009716599190283401	3
1995-07-11	3	8	1286	0.006220839813374806	6
1995-07-11	4	9	1107	0.008130081300813009	6
1995-07-11	5	3	1113	0.0026954177897574125	2
1995-07-11	6	8	1290	0.006201550387596899	6
1995-07-11	7	17	2569	0.006617360840794083	9
1995-07-11	8	29	3610	0.008033240997229917	14
1995-07-11	9	18	3581	0.00502652890254119	8
1995-07-11	10	15	4468	0.0033572068039391225	5
1995-07-11	11	19	4745	0.004004214963119073	14
1995-07-11	12	16	5504	0.0029069767441860465	7
1995-07-11	13	21	5325	0.003943661971830986	11
1995-07-11	14	64	6061	0.0105593136446131	16
1995-07-11	15	38	5606	0.0067784516589368534	16
1995-07-11	16	15	5546	0.002704652001442481	12
1995-07-11	17	30	4484	0.006690454950936664	16
1995-07-11	18	16	3922	0.00407955124936257	10
1995-07-11	19	25	3618	0.006909894969596462	13
1995-07-11	20	17	3280	0.005182926829268293	12
1995-07-11	21	11	2796	0.003934191702432046	8
1995-07-11	22	18	2867	0.006278339727938612	11
1995-07-11	23	5	2890	0.0017301038062283738	4
1995-07-12	0	6	2330	0.002575107296137339	4
1995-07-12	1	9	1977	0.004552352048558422	7
1995-07-12	2	8	2037	0.0039273441335297005	4
1995-07-12	3	1	1458	6.858710562414266E-4	1
1995-07-12	4	1	1478	6.765899864682003E-4	1
1995-07-12	5	4	1437	0.0027835768963117608	3
1995-07-12	6	4	1831	0.002184598580010923	4
1995-07-12	7	12	2412	0.004975124378109453	7
1995-07-12	8	8	3916	0.0020429009193054137	6
1995-07-12	9	9	4774	0.0018852115626309175	8
1995-07-12	10	82	5244	0.015636918382913808	13
1995-07-12	11	29	6021	0.004816475668493606	18
1995-07-12	12	40	5969	0.006701289998324677	20
1995-07-12	13	34	6455	0.005267234701781564	19
1995-07-12	14	20	6293	0.0031781344350866043	12
1995-07-12	15	31	5555	0.005580558055805581	20
1995-07-12	16	26	4999	0.005201040208041608	14
1995-07-12	17	30	4711	0.0063680747187433665	14
1995-07-12	18	24	4370	0.005491990846681922	15
1995-07-12	19	18	3582	0.005025125628140704	11
1995-07-12	20	15	4169	0.003597985128328136	8
1995-07-12	21	29	3741	0.007751937984496124	13
1995-07-12	22	21	4043	0.0051941627504328465	13
1995-07-12	23	12	3733	0.0032145727297080095	8
1995-07-13	0	20	3350	0.005970149253731343	12
1995-07-13	1	20	3338	0.005991611743559017	9
1995-07-13	2	4	2943	0.0013591573224600749	3
1995-07-13	3	13	2497	0.005206247496996396	6
1995-07-13	4	5	2187	0.002286236854138089	5
1995-07-13	5	15	2696	0.00556379821958457	7
1995-07-13	6	11	3677	0.002991569214033179	7
1995-07-13	7	11	6051	0.0018178813419269541	8
1995-07-13	8	30	11567	0.002593585199273796	19
1995-07-13	9	31	14926	0.002076912769663674	19
1995-07-13	10	40	10214	0.003916193459956922	26
1995-07-13	11	76	9748	0.007796471070988921	19
1995-07-13	12	23	8533	0.0026954177897574125	16
1995-07-13	13	20	7327	0.0027296301351166915	15
1995-07-13	14	38	7478	0.005081572612998127	17
1995-07-13	15	41	7298	0.0056179775280898875	17
1995-07-13	16	37	7150	0.005174825174825175	21
1995-07-13	17	10	3585	0.002789400278940028	9
1995-07-13	18	13	4551	0.002856515051637003	6
1995-07-13	19	7	2268	0.0030864197530864196	4
1995-07-13	20	30	2365	0.012684989429175475	11
1995-07-13	21	6	3682	0.0016295491580662683	5
1995-07-13	22	20	3351	0.005968367651447329	8
1995-07-13	23	12	3420	0.0035087719298245615	9
1995-07-14	0	14	3227	0.004338394793926247	8
1995-07-14	1	8	2155	0.0037122969837587007	6
1995-07-14	2	7	1995	0.0035087719298245615	5
1995-07-14	3	5	1966	0.00254323499491353	3
1995-07-14	4	6	1413	0.004246284501061571	4
1995-07-14	5	10	1902	0.005257623554153523	7
1995-07-14	6	5	1657	0.0030175015087507543	4
1995-07-14	7	9	2991	0.003009027081243731	6
1995-07-14	8	13	3982	0.0032646911099949772	8
1995-07-14	9	36	4862	0.007404360345536816	18
1995-07-14	10	20	5313	0.003764351590438547	14
1995-07-14	11	22	4738	0.004643309413254538	14
1995-07-14	12	20	4835	0.004136504653567736	14
1995-07-14	13	34	5624	0.00604551920341394	17
1995-07-14	14	27	5115	0.005278592375366569	14
1995-07-14	15	36	5318	0.006769462203836028	14
1995-07-14	16	14	5301	0.0026410111299754765	12
1995-07-14	17	48	4157	0.01154678854943469	13
1995-07-14	18	13	3140	0.004140127388535032	9
1995-07-14	19	8	3332	0.0024009603841536613	6
1995-07-14	20	22	2823	0.0077931278781438185	12
1995-07-14	21	18	2709	0.006644518272425249	10
1995-07-14	22	12	3021	0.003972194637537239	9
1995-07-14	23	7	2525	0.002772277227722772	6
1995-07-15	0	25	1916	0.013048016701461378	11
1995-07-15	1	4	1960	0.0020408163265306124	4
1995-07-15	2	12	1525	0.007868852459016393	5
1995-07-15	3	11	1299	0.008468052347959968	5
1995-07-15	4	1	1086	9.208103130755065E-4	1
1995-07-15	5	11	950	0.011578947368421053	3
1995-07-15	6	6	756	0.007936507936507936	4
1995-07-15	7	11	1046	0.010516252390057362	6
1995-07-15	8	1	1225	8.163265306122449E-4	1
1995-07-15	9	2	1554	0.001287001287001287	2
1995-07-15	10	17	2012	0.008449304174950299	5
1995-07-15	11	7	2095	0.003341288782816229	6
1995-07-15	12	11	2276	0.0048330404217926184	7
1995-07-15	13	13	2283	0.0056942619360490585	6
1995-07-15	14	7	2603	0.002689204763734153	5
1995-07-15	15	8	2606	0.0030698388334612432	6
1995-07-15	16	10	2642	0.003785011355034065	4
1995-07-15	17	12	2511	0.0047789725209080045	9
1995-07-15	18	13	2123	0.006123410268487989	7
1995-07-15	19	19	2307	0.0082358040745557	8
1995-07-15	20	8	2095	0.0038186157517899762	4
1995-07-15	21	19	2024	0.009387351778656126	7
1995-07-15	22	16	2295	0.006971677559912854	11
1995-07-15	23	10	2343	0.004268032437046522	7
1995-07-16	0	3	2069	0.0014499758337361043	2
1995-07-16	1	5	2083	0.002400384061449832	4
1995-07-16	2	2	1285	0.0015564202334630351	2
1995-07-16	3	8	844	0.009478672985781991	5
1995-07-16	4	1	758	0.0013192612137203166	1
1995-07-16	5	1	561	0.0017825311942959	1
1995-07-16	6	5	876	0.005707762557077625	5
1995-07-16	7	5	742	0.006738544474393531	4
1995-07-16	8	6	1010	0.005940594059405941	4
1995-07-16	9	6	1396	0.004297994269340974	4
1995-07-16	10	7	1646	0.00425273390036452	6
1995-07-16	11	13	1964	0.006619144602851324	5
1995-07-16	12	11	2283	0.004818221638195357	4
1995-07-16	13	24	2638	0.009097801364670205	13
1995-07-16	14	4	3006	0.0013306719893546241	4
1995-07-16	15	27	2644	0.01021180030257186	12
1995-07-16	16	4	2481	0.0016122531237404273	3
1995-07-16	17	11	2886	0.0038115038115038116	6
1995-07-16	18	10	2644	0.0037821482602118004	9
1995-07-16	19	18	3014	0.005972130059721301	10
1995-07-16	20	24	2733	0.008781558726673985	10
1995-07-16	21	15	2806	0.005345687811831789	12
1995-07-16	22	18	3000	0.006	12
1995-07-16	23	29	2485	0.011670020120724347	16
1995-07-17	0	11	2054	0.005355404089581304	9
1995-07-17	1	10	1677	0.005963029218843173	6
1995-07-17	2	4	1066	0.00375234521575985	2
1995-07-17	3	8	1111	0.0072007200720072	5
1995-07-17	4	2	1246	0.0016051364365971107	2
1995-07-17	5	6	970	0.006185567010309278	5
1995-07-17	6	1	958	0.0010438413361169101	1
1995-07-17	7	6	1851	0.0032414910858995136	3
1995-07-17	8	14	2680	0.0052238805970149255	9
1995-07-17	9	12	3963	0.003028009084027252	8
1995-07-17	10	37	4511	0.00820217246730215	17
1995-07-17	11	20	4777	0.004186728072011723	15
1995-07-17	12	47	4825	0.009740932642487047	21
1995-07-17	13	34	4998	0.006802721088435374	19
1995-07-17	14	24	6424	0.0037359900373599006	18
1995-07-17	15	24	5301	0.004527447651386531	14
1995-07-17	16	20	5429	0.003683919690550746	12
1995-07-17	17	25	3982	0.006278252134605726	15
1995-07-17	18	19	3385	0.005612998522895126	12
1995-07-17	19	13	2743	0.004739336492890996	10
1995-07-17	20	8	2553	0.003133568350959655	6
1995-07-17	21	21	3170	0.006624605678233439	10
1995-07-17	22	27	2896	0.009323204419889503	17
1995-07-17	23	15	2411	0.006221484861053505	11
1995-07-18	0	25	2291	0.010912265386294195	13
1995-07-18	1	5	1790	0.002793296089385475	3
1995-07-18	2	6	1670	0.003592814371257485	2
1995-07-18	3	7	792	0.008838383838383838	5
1995-07-18	4	0	316	0.0	0
1995-07-18	5	0	409	0.0	0
1995-07-18	6	0	371	0.0	0
1995-07-18	7	5	944	0.005296610169491525	2
1995-07-18	8	9	2279	0.003949100482667837	6
1995-07-18	9	28	3403	0.008228034087569792	11
1995-07-18	10	28	3235	0.00865533230293663	11
1995-07-18	11	20	3688	0.005422993492407809	8
1995-07-18	12	29	4723	0.006140165149269532	15
1995-07-18	13	20	5105	0.0039177277179236044	16
1995-07-18	14	60	4686	0.012804097311139564	20
1995-07-18	15	107	5431	0.01970171239182471	21
1995-07-18	16	48	5475	0.008767123287671232	19
1995-07-18	17	10	2718	0.003679175864606328	8
1995-07-18	18	7	2535	0.0027613412228796844	5
1995-07-18	19	22	3252	0.006765067650676507	10
1995-07-18	20	11	2353	0.004674883127921802	10
1995-07-18	21	5	2434	0.002054231717337716	4
1995-07-18	22	15	1970	0.007614213197969543	9
1995-07-18	23	16	2411	0.006636250518457071	9
1995-07-19	0	9	1816	0.004955947136563877	5
1995-07-19	1	4	1631	0.002452483139178418	3
1995-07-19	2	4	1470	0.0027210884353741495	3
1995-07-19	3	3	1363	0.0022010271460014674	3
1995-07-19	4	9	1485	0.006060606060606061	5
1995-07-19	5	0	1093	0.0	0
1995-07-19	6	2	1451	0.0013783597518952446	1
1995-07-19	7	31	2259	0.013722886232846392	8
1995-07-19	8	24	3045	0.007881773399014778	8
1995-07-19	9	14	3688	0.003796095444685466	5
1995-07-19	10	45	4494	0.010013351134846462	8
1995-07-19	11	68	4893	0.01389740445534437	14
1995-07-19	12	77	5163	0.014913809800503584	11
1995-07-19	13	71	4639	0.015305022634188403	15
1995-07-19	14	70	4938	0.014175779667881734	15
1995-07-19	15	62	5297	0.0117047385312441	16
1995-07-19	16	25	4505	0.005549389567147614	14
1995-07-19	17	36	4228	0.008514664143803218	15
1995-07-19	18	16	3061	0.005227049983665469	7
1995-07-19	19	10	2805	0.0035650623885918	9
1995-07-19	20	11	2888	0.003808864265927978	8
1995-07-19	21	18	2483	0.00724929520741039	13
1995-07-19	22	24	1880	0.01276595744680851	11
1995-07-19	23	7	2162	0.0032377428307123032	7
1995-07-20	0	12	1970	0.006091370558375634	7
1995-07-20	1	6	1650	0.0036363636363636364	3
1995-07-20	2	19	1673	0.011356843992827256	8
1995-07-20	3	9	1099	0.00818926296633303	4
1995-07-20	4	2	918	0.002178649237472767	2
1995-07-20	5	7	989	0.007077856420626896	6
1995-07-20	6	2	956	0.0020920502092050207	2
1995-07-20	7	10	2112	0.004734848484848485	4
1995-07-20	8	9	3107	0.002896684905053106	5
1995-07-20	9	21	3508	0.0059863169897377425	11
1995-07-20	10	17	4228	0.00402081362346263	12
1995-07-20	11	23	4415	0.005209513023782559	11
1995-07-20	12	48	5177	0.009271779022599961	20
1995-07-20	13	16	4311	0.003711435861749014	6
1995-07-20	14	21	4561	0.00460425345319009	13
1995-07-20	15	35	4864	0.007195723684210526	19
1995-07-20	16	48	4619	0.010391859709893916	13
1995-07-20	17	47	3910	0.012020460358056265	14
1995-07-20	18	16	2088	0.007662835249042145	6
1995-07-20	19	15	1866	0.008038585209003215	10
1995-07-20	20	7	2038	0.0034347399411187437	7
1995-07-20	21	6	2103	0.0028530670470756064	6
1995-07-20	22	16	2288	0.006993006993006993	9
1995-07-20	23	16	2140	0.007476635514018692	7
1995-07-21	0	23	1649	0.013947847180109158	10
1995-07-21	1	4	1206	0.003316749585406302	3
1995-07-21	2	13	1420	0.009154929577464789	9
1995-07-21	3	17	1051	0.016175071360608945	4
1995-07-21	4	5	889	0.00562429696287964	2
1995-07-21	5	5	1140	0.0043859649122807015	3
1995-07-21	6	5	1174	0.004258943781942078	5
1995-07-21	7	9	2489	0.0036159100040176776	3
1995-07-21	8	9	3667	0.0024543223343332426	7
1995-07-21	9	24	4084	0.005876591576885406	12
1995-07-21	10	14	3995	0.003504380475594493	12
1995-07-21	11	26	4292	0.0060577819198508855	13
1995-07-21	12	15	4274	0.0035095928872250818	12
1995-07-21	13	15	5748	0.0026096033402922755	10
1995-07-21	14	40	4713	0.008487163165711862	16
1995-07-21	15	11	4106	0.002679006332196785	10
1995-07-21	16	17	4020	0.004228855721393035	13
1995-07-21	17	24	3437	0.0069828338667442535	11
1995-07-21	18	14	1780	0.007865168539325843	9
1995-07-21	19	7	1736	0.004032258064516129	5
1995-07-21	20	7	1661	0.004214328717639976	3
1995-07-21	21	6	2356	0.0025466893039049238	5
1995-07-21	22	12	1787	0.006715165081141578	6
1995-07-21	23	10	1953	0.005120327700972862	7
1995-07-22	0	15	1591	0.009428032683846637	7
1995-07-22	1	7	1764	0.003968253968253968	4
1995-07-22	2	4	1123	0.003561887800534283	1
1995-07-22	3	5	984	0.00508130081300813	4
1995-07-22	4	3	943	0.003181336161187699	2
1995-07-22	5	8	758	0.010554089709762533	1
1995-07-22	6	2	674	0.002967359050445104	2
1995-07-22	7	5	896	0.005580357142857143	3
1995-07-22	8	3	1468	0.0020435967302452314	2
1995-07-22	9	7	1120	0.00625	6
1995-07-22	10	6	1358	0.004418262150220913	5
1995-07-22	11	14	1501	0.009327115256495669	7
1995-07-22	12	6	1956	0.003067484662576687	5
1995-07-22	13	4	1837	0.002177463255307567	3
1995-07-22	14	8	2059	0.003885381253035454	6
1995-07-22	15	9	2208	0.004076086956521739	5
1995-07-22	16	24	2303	0.010421189752496743	10
1995-07-22	17	18	1746	0.010309278350515464	8
1995-07-22	18	11	1647	0.006678809957498482	6
1995-07-22	19	5	1044	0.004789272030651341	3
1995-07-22	20	7	1404	0.004985754985754986	5
1995-07-22	21	4	1281	0.00312256049960968	3
1995-07-22	22	5	1480	0.0033783783783783786	4
1995-07-22	23	13	2121	0.006129184347006129	8
1995-07-23	0	11	1813	0.006067291781577496	8
1995-07-23	1	7	1579	0.004433185560481318	6
1995-07-23	2	6	1324	0.004531722054380665	3
1995-07-23	3	27	915	0.029508196721311476	6
1995-07-23	4	12	900	0.013333333333333334	2
1995-07-23	5	3	818	0.003667481662591687	2
1995-07-23	6	1	671	0.0014903129657228018	1
1995-07-23	7	4	472	0.00847457627118644	2
1995-07-23	8	7	1341	0.005219985085756898	7
1995-07-23	9	4	1301	0.0030745580322828594	3
1995-07-23	10	14	1299	0.01077752117013087	4
1995-07-23	11	11	1605	0.006853582554517134	10
1995-07-23	12	5	1568	0.0031887755102040817	5
1995-07-23	13	6	1820	0.0032967032967032967	4
1995-07-23	14	7	1965	0.0035623409669211198	4
1995-07-23	15	9	2146	0.004193849021435228	7
1995-07-23	16	5	2169	0.002305209774089442	5
1995-07-23	17	4	2171	0.0018424689083371719	3
1995-07-23	18	12	1839	0.0065252854812398045	5
1995-07-23	19	9	1922	0.004682622268470343	5
1995-07-23	20	10	2423	0.004127115146512587	5
1995-07-23	21	30	2592	0.011574074074074073	6
1995-07-23	22	16	2406	0.006650041562759767	11
1995-07-23	23	13	2140	0.006074766355140187	12
1995-07-24	0	27	1827	0.014778325123152709	7
1995-07-24	1	1	1219	8.203445447087777E-4	1
1995-07-24	2	5	1211	0.004128819157720892	4
1995-07-24	3	29	947	0.030623020063357972	2
1995-07-24	4	15	802	0.018703241895261846	6
1995-07-24	5	7	1050	0.006666666666666667	3
1995-07-24	6	6	1174	0.005110732538330494	3
1995-07-24	7	5	1734	0.0028835063437139563	5
1995-07-24	8	15	2616	0.005733944954128441	10
1995-07-24	9	15	3588	0.004180602006688963	9
1995-07-24	10	13	3332	0.0039015606242496998	11
1995-07-24	11	22	4016	0.005478087649402391	17
1995-07-24	12	17	5060	0.0033596837944664033	13
1995-07-24	13	8	4924	0.0016246953696181965	8
1995-07-24	14	20	4900	0.004081632653061225	12
1995-07-24	15	22	5247	0.0041928721174004195	15
1995-07-24	16	9	4896	0.001838235294117647	5
1995-07-24	17	17	3698	0.004597079502433748	10
1995-07-24	18	13	2326	0.005588993981083405	4
1995-07-24	19	13	2239	0.005806163465832961	8
1995-07-24	20	8	1566	0.005108556832694764	6
1995-07-24	21	17	2144	0.00792910447761194	9
1995-07-24	22	7	1958	0.003575076608784474	5
1995-07-24	23	23	1784	0.01289237668161435	8
1995-07-25	0	5	1419	0.0035236081747709656	5
1995-07-25	1	3	1360	0.0022058823529411764	3
1995-07-25	2	5	1079	0.004633920296570899	4
1995-07-25	3	5	1125	0.0044444444444444444	3
1995-07-25	4	3	1060	0.002830188679245283	3
1995-07-25	5	2	933	0.0021436227224008574	2
1995-07-25	6	4	826	0.004842615012106538	4
1995-07-25	7	6	1558	0.0038510911424903724	4
1995-07-25	8	9	2479	0.003630496167809601	6
1995-07-25	9	8	3337	0.00239736290080911	6
1995-07-25	10	18	3723	0.004834810636583401	11
1995-07-25	11	67	4292	0.015610438024231128	16
1995-07-25	12	34	5108	0.006656225528582615	19
1995-07-25	13	21	5128	0.004095163806552262	13
1995-07-25	14	54	4117	0.013116346854505708	21
1995-07-25	15	75	4503	0.016655562958027982	15
1995-07-25	16	30	4757	0.006306495690561278	18
1995-07-25	17	29	3415	0.00849194729136164	16
1995-07-25	18	10	2202	0.004541326067211626	4
1995-07-25	19	10	2070	0.004830917874396135	6
1995-07-25	20	17	2280	0.007456140350877193	9
1995-07-25	21	19	2060	0.009223300970873786	8
1995-07-25	22	21	2203	0.009532455742169769	6
1995-07-25	23	13	1665	0.007807807807807808	10
1995-07-26	0	5	1195	0.0041841004184100415	5
1995-07-26	1	10	1359	0.007358351729212656	6
1995-07-26	2	8	1300	0.006153846153846154	4
1995-07-26	3	1	1063	9.407337723424271E-4	1
1995-07-26	4	15	1045	0.014354066985645933	3
1995-07-26	5	3	706	0.00424929178470255	1
1995-07-26	6	5	1023	0.004887585532746823	4
1995-07-26	7	5	1626	0.003075030750307503	3
1995-07-26	8	19	3060	0.006209150326797385	11
1995-07-26	9	6	2275	0.0026373626373626374	5
1995-07-26	10	8	2144	0.0037313432835820895	6
1995-07-26	11	31	3464	0.00894919168591224	10
1995-07-26	12	20	4342	0.004606172270842929	13
1995-07-26	13	16	4662	0.003432003432003432	8
1995-07-26	14	29	4511	0.006428729771669253	10
1995-07-26	15	14	4257	0.003288700963119568	10
1995-07-26	16	21	3501	0.005998286203941731	10
1995-07-26	17	29	3210	0.009034267912772585	14
1995-07-26	18	43	3047	0.014112241549064654	10
1995-07-26	19	20	2279	0.008775778850372971	7
1995-07-26	20	10	2091	0.004782400765184123	8
1995-07-26	21	7	2215	0.003160270880361174	5
1995-07-26	22	10	2244	0.004456327985739751	9
1995-07-26	23	5	2230	0.002242152466367713	4
1995-07-27	0	19	2167	0.008767881864328565	13
1995-07-27	1	6	1542	0.0038910505836575876	5
1995-07-27	2	14	1165	0.01201716738197425	4
1995-07-27	3	5	1206	0.0041459369817578775	5
1995-07-27	4	11	1200	0.009166666666666667	8
1995-07-27	5	6	1080	0.005555555555555556	4
1995-07-27	6	3	1291	0.0023237800154918666	3
1995-07-27	7	15	1844	0.008134490238611713	6
1995-07-27	8	6	2625	0.002285714285714286	4
1995-07-27	9	35	2988	0.011713520749665328	13
1995-07-27	10	6	3358	0.001786777843954735	6
1995-07-27	11	35	4101	0.00853450377956596	11
1995-07-27	12	13	4233	0.003071107961256792	9
1995-07-27	13	14	4491	0.0031173458027165444	9
1995-07-27	14	22	4857	0.004529544986617253	13
1995-07-27	15	24	4390	0.005466970387243736	13
1995-07-27	16	13	3884	0.0033470648815653965	11
1995-07-27	17	26	3405	0.0076358296622613805	9
1995-07-27	18	17	2542	0.006687647521636507	3
1995-07-27	19	14	1950	0.0071794871794871795	8
1995-07-27	20	2	2067	9.675858732462506E-4	2
1995-07-27	21	14	2109	0.006638217164532954	8
1995-07-27	22	10	1719	0.005817335660267597	6
1995-07-27	23	11	1466	0.007503410641200546	4
1995-07-28	0	7	1538	0.004551365409622887	4
1995-07-28	1	4	1086	0.003683241252302026	3
1995-07-28	2	11	979	0.011235955056179775	6
1995-07-28	3	6	1202	0.004991680532445923	3
1995-07-28	4	5	879	0.005688282138794084	3
1995-07-28	5	2	916	0.002183406113537118	2
1995-07-28	6	0	1086	0.0	0
1995-07-28	7	4	1616	0.0024752475247524753	4
1995-07-28	8	10	2543	0.003932363350373574	7
1995-07-28	9	12	2741	0.004377964246625319	8
1995-07-28	10	9	3555	0.002531645569620253	8
1995-07-28	11	13	3570	0.0036414565826330533	9
1995-07-28	12	9	3505	0.0025677603423680455	5
1995-07-28	13	2	1905	0.0010498687664041995	1
