1995-07-01	200	57846	1605426462
1995-07-01	302	2566	218397
1995-07-01	304	3797	0
1995-07-01	404	314	0
1995-07-02	200	54339	1521111456
1995-07-02	302	2370	195795
1995-07-02	304	3107	0
1995-07-02	403	5	0
1995-07-02	404	289	0
1995-07-03	200	81181	2076375419
1995-07-03	302	3121	261797
1995-07-03	304	4581	0
1995-07-03	403	2	0
1995-07-03	404	473	0
1995-07-03	500	53	0
1995-07-04	200	62962	1736815189
1995-07-04	302	2510	206619
1995-07-04	304	4507	0
1995-07-04	403	4	0
1995-07-04	404	355	0
1995-07-05	200	84899	2036634994
1995-07-05	302	3348	282418
1995-07-05	304	5646	0
1995-07-05	403	2	0
1995-07-05	404	491	0
1995-07-05	501	1	0
1995-07-06	200	91466	2203211408
1995-07-06	302	3197	264274
1995-07-06	304	5475	0
1995-07-06	403	5	0
1995-07-06	404	630	0
1995-07-07	200	78882	1942622390
1995-07-07	302	2412	182335
1995-07-07	304	5222	0
1995-07-07	403	1	0
1995-07-07	404	563	0
1995-07-07	501	1	0
1995-07-08	200	35562	925885569
1995-07-08	302	701	47998
1995-07-08	304	2200	0
1995-07-08	404	299	0
1995-07-09	200	32024	752158747
1995-07-09	302	562	33273
1995-07-09	304	2261	0
1995-07-09	404	341	0
1995-07-10	200	65776	1365475500
1995-07-10	302	1470	101439
1995-07-10	304	5018	0
1995-07-10	404	390	0
1995-07-10	500	1	0
1995-07-11	200	71814	1383974099
1995-07-11	302	1667	125961
1995-07-11	304	6262	0
1995-07-11	404	469	0
1995-07-12	200	80399	1708022887
1995-07-12	302	2338	187717
1995-07-12	304	8847	0
1995-07-12	403	3	0
1995-07-12	404	459	0
1995-07-13	200	114076	2624888914
1995-07-13	302	4436	366995
1995-07-13	304	14803	0
1995-07-13	404	524	0
1995-07-13	501	2	0
1995-07-14	200	75158	1909558416
1995-07-14	302	2164	171771
1995-07-14	304	6177	0
1995-07-14	403	3	0
1995-07-14	404	407	0
1995-07-15	200	41046	967533925
1995-07-15	302	1207	95349
1995-07-15	304	2902	0
1995-07-15	404	252	0
1995-07-16	200	43628	1031869717
1995-07-16	302	1128	88403
1995-07-16	304	2729	0
1995-07-16	404	256	0
1995-07-17	200	67587	1422556595
1995-07-17	302	1541	111572
1995-07-17	304	5285	0
1995-07-17	403	1	0
1995-07-17	404	403	0
1995-07-17	501	1	0
1995-07-18	200	57815	1172738347
1995-07-18	302	1076	79134
1995-07-18	304	4677	0
1995-07-18	403	9	0
1995-07-18	404	463	0
1995-07-18	500	8	0
1995-07-18	501	2	0
1995-07-19	200	65286	1353123243
1995-07-19	302	1294	100564
1995-07-19	304	5335	0
1995-07-19	403	2	0
1995-07-19	404	636	0
1995-07-20	200	60034	1199783105
1995-07-20	302	1151	87783
1995-07-20	304	4855	0
1995-07-20	404	427	0
1995-07-21	200	58179	1122191352
1995-07-21	302	1287	99827
1995-07-21	304	4669	0
1995-07-21	404	332	0
1995-07-22	200	31817	661340481
1995-07-22	302	721	57718
1995-07-22	304	2449	0
1995-07-22	403	2	0
1995-07-22	404	180	0
1995-07-23	200	36016	760925276
1995-07-23	302	625	50038
1995-07-23	304	2216	0
1995-07-23	404	230	0
1995-07-24	200	58108	1204560018
1995-07-24	302	878	59445
1995-07-24	304	4783	0
1995-07-24	403	1	0
1995-07-24	404	324	0
1995-07-24	501	5	0
1995-07-25	200	56864	1136197411
1995-07-25	302	847	57007
1995-07-25	304	4274	0
1995-07-25	403	7	0
1995-07-25	404	458	0
1995-07-26	200	53306	1031430902
1995-07-26	302	766	57165
1995-07-26	304	4258	0
1995-07-26	403	3	0
1995-07-26	404	319	0
1995-07-26	501	1	0
1995-07-27	200	55988	1117010121
1995-07-27	302	811	62094
1995-07-27	304	4420	0
1995-07-27	403	4	0
1995-07-27	404	334	0
1995-07-27	501	1	0
1995-07-28	200	24772	487503627
1995-07-28	302	347	28166
1995-07-28	304	1871	0
1995-07-28	404	93	0
